1
Cost of path:
-1
Path found:
NULL
Nodes created:
0
Execution time:
0.013505220413208008

2
Cost of path:
14
Path found:
[(1, 2), (1, 3), (2, 3), (3, 3), (4, 3)]
Nodes created:
48
Execution time:
7.43865966796875e-05

3
Cost of path:
-1
Path found:
NULL
Nodes created:
115
Execution time:
0.00019240379333496094

4
Cost of path:
24
Path found:
[(1, 2), (2, 2), (2, 3), (2, 4), (3, 4), (3, 5), (3, 6), (4, 6), (5, 6), (5, 7), (6, 7), (7, 7), (8, 7), (8, 8)]
Nodes created:
132
Execution time:
0.00023221969604492188

4
Cost of path:
9
Path found:
[(0, 0), (0, 1), (0, 2), (1, 2), (1, 3), (2, 3), (2, 4), (3, 4), (4, 4)]
Nodes created:
97
Execution time:
0.00013256072998046875

5
Cost of path:
53
Path found:
[(0, 0), (0, 1), (0, 2), (0, 3), (0, 4), (0, 5), (0, 6), (0, 7), (0, 8), (0, 9), (1, 9), (2, 9), (2, 8), (2, 7), (2, 6), (2, 5), (2, 4), (2, 3), (2, 2), (2, 1), (2, 0), (3, 0), (4, 0), (4, 1), (4, 2), (4, 3), (4, 4), (4, 5), (4, 6), (4, 7), (4, 8), (4, 9), (5, 9), (6, 9), (6, 8), (6, 7), (6, 6), (6, 5), (6, 4), (6, 3), (6, 2), (6, 1), (6, 0), (7, 0), (8, 0), (8, 1), (8, 2), (8, 3), (8, 4), (8, 5), (8, 6), (8, 7), (8, 8)]
Nodes created:
103
Execution time:
0.0001761913299560547

